 0.003000    4.37
 0.005000    4.35
 0.007000    4.33
 0.009000    4.31
 0.011000    4.29
 0.013000    4.27
 0.015000    4.24
 0.017000    4.21
 0.019000    4.16
 0.021000    4.11
 0.023000    4.07
 0.025000    4.02
 0.027000    3.98
 0.029000    3.94
 0.031000    3.90
 0.033000    3.86
 0.035000    3.83
 0.037000    3.79
 0.039000    3.76
 0.041000    3.72
 0.043000    3.69
 0.045000    3.66
 0.047000    3.63
 0.049000    3.60
 0.051000    3.57
 0.053000    3.55
 0.055000    3.52
 0.057000    3.49
 0.059000    3.47
 0.061000    3.45
 0.063000    3.43
 0.065000    3.41
 0.067000    3.39
 0.069000    3.37
 0.071000    3.35
 0.073000    3.33
 0.075000    3.31
 0.077000    3.30
 0.079000    3.28
 0.081000    3.27
 0.083000    3.25
 0.085000    3.24
 0.087000    3.23
 0.089000    3.22
 0.091000    3.21
 0.093000    3.20
 0.095000    3.19
 0.097000    3.18
 0.099000    3.17
 0.101000    3.16
 0.103000    3.15
 0.105000    3.15
 0.107000    3.14
 0.109000    3.14
 0.111000    3.13
 0.113000    3.12
 0.115000    3.12
 0.117000    3.12
 0.119000    3.11
 0.121000    3.11
 0.123000    3.10
 0.125000    3.10
 0.127000    3.10
 0.129000    3.09
 0.131000    3.09
 0.133000    3.09
 0.135000    3.09
 0.137000    3.08
 0.139000    3.08
 0.141000    3.08
 0.143000    3.08
 0.145000    3.07
 0.147000    3.07
 0.149000    3.07
 0.151000    3.07
 0.153000    3.07
 0.155000    3.06
 0.157000    3.06
 0.159000    3.06
 0.161000    3.06
 0.163000    3.06
 0.165000    3.05
 0.167000    3.05
 0.169000    3.05
 0.171000    3.05
 0.173000    3.05
 0.175000    3.04
 0.177000    3.04
 0.179000    3.04
 0.181000    3.04
 0.183000    3.04
 0.185000    3.03
 0.187000    3.03
 0.189000    3.03
 0.191000    3.03
 0.193000    3.03
 0.195000    3.02
 0.197000    3.02
 0.199000    3.02
 0.201000    3.02
 0.203000    3.01
 0.205000    3.01
 0.207000    3.01
 0.209000    3.01
 0.211000    3.00
 0.213000    3.00
 0.215000    3.00
 0.217000    3.00
 0.219000    2.99
 0.221000    2.99
 0.223000    2.99
 0.225000    2.98
 0.227000    2.98
 0.229000    2.98
 0.231000    2.97
 0.233000    2.97
 0.235000    2.97
 0.237000    2.96
 0.239000    2.96
 0.241000    2.95
 0.243000    2.95
 0.245000    2.95
 0.247000    2.94
 0.249000    2.94
 0.251000    2.94
 0.253000    2.93
 0.255000    2.93
 0.257000    2.92
 0.259000    2.92
 0.261000    2.92
 0.263000    2.91
 0.265000    2.91
 0.267000    2.91
 0.269000    2.90
 0.271000    2.90
 0.273000    2.90
 0.275000    2.90
 0.277000    2.89
 0.279000    2.89
 0.281000    2.89
 0.283000    2.88
 0.285000    2.88
 0.287000    2.88
 0.289000    2.87
 0.291000    2.87
 0.293000    2.87
 0.295000    2.87
 0.297000    2.86
 0.299000    2.86
 0.301000    2.86
 0.303000    2.86
 0.305000    2.86
 0.307000    2.85
 0.309000    2.85
 0.311000    2.85
 0.313000    2.85
 0.315000    2.85
 0.317000    2.85
 0.319000    2.84
 0.321000    2.84
 0.323000    2.84
 0.325000    2.84
 0.327000    2.84
 0.329000    2.84
 0.331000    2.84
 0.333000    2.83
 0.335000    2.83
 0.337000    2.83
 0.339000    2.83
 0.341000    2.83
 0.343000    2.83
 0.345000    2.83
 0.347000    2.83
 0.349000    2.83
 0.351000    2.83
 0.353000    2.83
 0.355000    2.83
 0.357000    2.83
 0.359000    2.83
 0.361000    2.83
 0.363000    2.83
 0.365000    2.83
 0.367000    2.83
 0.369000    2.82
 0.371000    2.82
 0.373000    2.82
 0.375000    2.82
 0.377000    2.82
 0.379000    2.82
 0.381000    2.82
 0.383000    2.82
 0.385000    2.82
 0.387000    2.82
 0.389000    2.82
 0.391000    2.82
 0.393000    2.82
 0.395000    2.82
 0.397000    2.82
 0.399000    2.82
 0.401000    2.82
 0.403000    2.82
 0.405000    2.82
 0.407000    2.82
 0.409000    2.82
 0.411000    2.82
 0.413000    2.82
 0.415000    2.82
 0.417000    2.82
 0.419000    2.82
 0.421000    2.82
 0.423000    2.82
 0.425000    2.82
 0.427000    2.82
 0.429000    2.82
 0.431000    2.82
 0.433000    2.82
 0.435000    2.82
 0.437000    2.82
 0.439000    2.81
 0.441000    2.81
 0.443000    2.81
 0.445000    2.81
 0.447000    2.81
 0.449000    2.81
 0.451000    2.81
 0.453000    2.81
 0.455000    2.81
 0.457000    2.81
 0.459000    2.81
 0.461000    2.81
 0.463000    2.81
 0.465000    2.81
 0.467000    2.81
 0.469000    2.81
 0.471000    2.81
 0.473000    2.81
 0.475000    2.81
 0.477000    2.81
 0.479000    2.81
 0.481000    2.81
 0.483000    2.81
 0.485000    2.81
 0.487000    2.81
 0.489000    2.81
 0.491000    2.81
 0.493000    2.81
 0.495000    2.81
 0.497000    2.81
 0.499000    2.81
 0.501000    2.81
 0.503000    2.81
 0.505000    2.81
 0.507000    2.81
 0.509000    2.81
 0.511000    2.80
 0.513000    2.80
 0.515000    2.80
 0.517000    2.80
 0.519000    2.80
 0.521000    2.80
 0.523000    2.80
 0.525000    2.80
 0.527000    2.80
 0.529000    2.80
 0.531000    2.80
 0.533000    2.80
 0.535000    2.80
 0.537000    2.80
 0.539000    2.80
 0.541000    2.79
 0.543000    2.79
 0.545000    2.79
 0.547000    2.79
 0.549000    2.79
 0.551000    2.79
 0.553000    2.79
 0.555000    2.79
 0.557000    2.79
 0.559000    2.79
 0.561000    2.79
 0.563000    2.79
 0.565000    2.78
 0.567000    2.78
 0.569000    2.78
 0.571000    2.78
 0.573000    2.78
 0.575000    2.78
 0.577000    2.78
 0.579000    2.78
 0.581000    2.78
 0.583000    2.77
 0.585000    2.77
 0.587000    2.77
 0.589000    2.77
 0.591000    2.77
 0.593000    2.77
 0.595000    2.77
 0.597000    2.76
 0.599000    2.76
 0.601000    2.76
 0.603000    2.76
 0.605000    2.76
 0.607000    2.76
 0.609000    2.76
 0.611000    2.75
 0.613000    2.75
 0.615000    2.75
 0.617000    2.75
 0.619000    2.75
 0.621000    2.75
 0.623000    2.74
 0.625000    2.74
 0.627000    2.74
 0.629000    2.74
 0.631000    2.74
 0.633000    2.74
 0.635000    2.73
 0.637000    2.73
 0.639000    2.73
 0.641000    2.73
 0.643000    2.73
 0.645000    2.73
 0.647000    2.72
 0.649000    2.72
 0.651000    2.72
 0.653000    2.72
 0.655000    2.72
 0.657000    2.71
 0.659000    2.71
 0.661000    2.71
 0.663000    2.71
 0.665000    2.71
 0.667000    2.70
 0.669000    2.70
 0.671000    2.70
 0.673000    2.70
 0.675000    2.69
 0.677000    2.69
 0.679000    2.69
 0.681000    2.69
 0.683000    2.69
 0.685000    2.68
 0.687000    2.68
 0.689000    2.68
 0.691000    2.68
 0.693000    2.67
 0.695000    2.67
 0.697000    2.67
 0.699000    2.67
 0.701000    2.67
 0.703000    2.66
 0.705000    2.66
 0.707000    2.66
 0.709000    2.66
 0.711000    2.65
 0.713000    2.65
 0.715000    2.65
 0.717000    2.65
 0.719000    2.64
 0.721000    2.64
 0.723000    2.64
 0.725000    2.64
 0.727000    2.63
 0.729000    2.63
 0.731000    2.63
 0.733000    2.63
 0.735000    2.62
 0.737000    2.62
 0.739000    2.62
 0.741000    2.61
 0.743000    2.61
 0.745000    2.61
 0.747000    2.61
 0.749000    2.60
 0.751000    2.60
 0.753000    2.60
 0.755000    2.60
 0.757000    2.59
 0.759000    2.59
 0.761000    2.59
 0.763000    2.59
 0.765000    2.58
 0.767000    2.58
 0.769000    2.58
 0.771000    2.58
 0.773000    2.57
 0.775000    2.57
 0.777000    2.57
 0.779000    2.56
 0.781000    2.56
 0.783000    2.56
 0.785000    2.56
 0.787000    2.55
 0.789000    2.55
 0.791000    2.55
 0.793000    2.55
 0.795000    2.54
 0.797000    2.54
 0.799000    2.54
 0.801000    2.53
 0.803000    2.53
 0.805000    2.53
 0.807000    2.53
 0.809000    2.52
 0.811000    2.52
 0.813000    2.52
 0.815000    2.52
 0.817000    2.51
 0.819000    2.51
 0.821000    2.51
 0.823000    2.51
 0.825000    2.50
 0.827000    2.50
 0.829000    2.50
 0.831000    2.50
 0.833000    2.49
 0.835000    2.49
 0.837000    2.49
 0.839000    2.49
 0.841000    2.48
 0.843000    2.48
 0.845000    2.48
 0.847000    2.48
 0.849000    2.47
 0.851000    2.47
 0.853000    2.47
 0.855000    2.47
 0.857000    2.47
 0.859000    2.46
 0.861000    2.46
 0.863000    2.46
 0.865000    2.46
 0.867000    2.45
 0.869000    2.45
 0.871000    2.45
 0.873000    2.45
 0.875000    2.45
 0.877000    2.44
 0.879000    2.44
 0.881000    2.44
 0.883000    2.44
 0.885000    2.44
 0.887000    2.44
 0.889000    2.43
 0.891000    2.43
 0.893000    2.43
 0.895000    2.43
 0.897000    2.43
 0.899000    2.43
 0.901000    2.42
 0.903000    2.42
 0.905000    2.42
 0.907000    2.42
 0.909000    2.42
 0.911000    2.42
 0.913000    2.42
 0.915000    2.41
 0.917000    2.41
 0.919000    2.41
 0.921000    2.41
 0.923000    2.41
 0.925000    2.41
 0.927000    2.41
 0.929000    2.41
 0.931000    2.41
 0.933000    2.41
 0.935000    2.40
 0.937000    2.40
 0.939000    2.40
 0.941000    2.40
 0.943000    2.40
 0.945000    2.40
 0.947000    2.40
 0.949000    2.40
 0.951000    2.40
 0.953000    2.40
 0.955000    2.40
 0.957000    2.40
 0.959000    2.40
 0.961000    2.40
 0.963000    2.40
 0.965000    2.40
 0.967000    2.40
 0.969000    2.40
 0.971000    2.40
 0.973000    2.40
 0.975000    2.40
 0.977000    2.40
 0.979000    2.40
 0.981000    2.40
 0.983000    2.41
 0.985000    2.41
 0.987000    2.41
 0.989000    2.41
 0.991000    2.41
 0.993000    2.41
 0.995000    2.41
 0.997000    2.41
